##############################################################################################################
ERROR ABOUT SD2 Dataset - Feature dns.time
TRAIN
dns.time
-9999.000000    175732
 0.000017            1
 0.000045            1
 0.000054            2
 0.000957            1
                 ...  
 2.711578            1
 2.714390            1
 2.723141            1
 2.737984            1
 3.024158            1
Length: 79, dtype: int64
TEST
dns.time
-9999.000000    278757
 0.004466            1
 0.004502            1
 0.729201            1
 0.736542            1
 0.736559            1
 0.746206            1
 0.748014            1
 0.749546            1
 0.749724            1
 0.749725            1
 0.749837            1
 0.749910            1
 0.749911            1
 0.750285            1
 0.750331            1
 0.750801            1
 0.750908            1
 0.750970            1
 0.751151            1
 0.751278            1
 0.751399            1
 0.751747            1
 0.752064            1
 0.752106            1
 0.752253            1
 0.752284            1
 0.752354            1
 0.752451            1
 0.752579            1
 0.753112            1
 0.753190            1
 0.766981            1
 0.978258            1
 1.004388            1
 1.005997            1
 1.008492            1
 1.009007            1
 1.010501            1
 1.034673            1
 1.035168            1
 1.049792            1
 1.050194            1
 1.501383            1
 1.506369            1
dtype: int64
##############################################################################################################


##############################################################################################################
ERROR ABOUT SD2 Dataset - Feature http.time
TRAIN
http.time
-9999.000000    175809
 0.071652            1
 0.072226            1
 0.102249            1
 0.775675            1
 0.780279            1
 0.875083            1
 49.451287           1
dtype: int64
TEST
http.time
-9999.000000    278113
 0.003646            2
 0.003711            2
 0.003716            2
 0.003725            2
                 ...  
 0.019685            2
 0.023428            2
 0.025616            2
 0.027110            2
 0.028192            2
Length: 336, dtype: int64
##############################################################################################################


##############################################################################################################
ERROR ABOUT SD2 Dataset - Feature icmp.data_time_relative
TRAIN
icmp.data_time_relative
-9999.000000    175801
-7176.930893         1
-7176.930834         1
-7176.930777         1
-7176.930275         1
-7176.930250         1
-7176.930111         1
-7176.929382         1
-7176.929287         1
-7176.929189         1
-7176.918352         1
-7176.917920         1
-7176.915376         1
-7175.928113         1
-7175.928065         1
-7175.927953         1
dtype: int64
TEST
icmp.data_time_relative
-9999.000000    278795
-7175.926453         1
-7175.926354         1
-7175.924961         1
-7164.925660         1
-7164.925504         1
-7164.925462         1
dtype: int64
##############################################################################################################


##############################################################################################################
ERROR ABOUT SD2 Dataset - Feature icmp.resptime
TRAIN
icmp.resptime
-9999.000    175812
 2.340            1
 2.916            1
 4.167            1
 4.313            1
dtype: int64
TEST
icmp.resptime
-9999.0    278801
dtype: int64
##############################################################################################################


##############################################################################################################
ERROR ABOUT SD2 Dataset - Feature stun.time
TRAIN
stun.time
-9999.0    175816
dtype: int64
TEST
stun.time
-9999.0    278801
dtype: int64
##############################################################################################################


##############################################################################################################
ERROR ABOUT SD2 Dataset - Feature tcp.ack
TRAIN
##############################################################################################################
ERROR ABOUT SD2 Dataset - Feature dns.time
TRAIN
dns.time
-9999.000000    175974
 0.000017            1
 0.000045            1
 0.000054            2
 0.000957            1
                 ...  
 2.711578            1
 2.714390            1
 2.723141            1
 2.737984            1
 3.024158            1
Length: 79, dtype: int64
TEST
dns.time
-9999.000000    299421
 0.004466            1
 0.004502            1
 0.729201            1
 0.736542            1
 0.736559            1
 0.746206            1
 0.748014            1
 0.749546            1
 0.749724            1
 0.749725            1
 0.749837            1
 0.749910            1
 0.749911            1
 0.750285            1
 0.750331            1
 0.750801            1
 0.750908            1
 0.750970            1
 0.751151            1
 0.751278            1
 0.751399            1
 0.751747            1
 0.752064            1
 0.752106            1
 0.752253            1
 0.752284            1
 0.752354            1
 0.752451            1
 0.752579            1
 0.753112            1
 0.753190            1
 0.766981            1
 0.978258            1
 1.004388            1
 1.005997            1
 1.008492            1
 1.009007            1
 1.010501            1
 1.034673            1
 1.035168            1
 1.049792            1
 1.050194            1
 1.501383            1
 1.506369            1
dtype: int64
##############################################################################################################


##############################################################################################################
ERROR ABOUT SD2T Dataset - Feature dns.time
TRAIN
dns.time
-9999.000000    299421
 0.004466            1
 0.004502            1
 0.729201            1
 0.736542            1
 0.736559            1
 0.746206            1
 0.748014            1
 0.749546            1
 0.749724            1
 0.749725            1
 0.749837            1
 0.749910            1
 0.749911            1
 0.750285            1
 0.750331            1
 0.750801            1
 0.750908            1
 0.750970            1
 0.751151            1
 0.751278            1
 0.751399            1
 0.751747            1
 0.752064            1
 0.752106            1
 0.752253            1
 0.752284            1
 0.752354            1
 0.752451            1
 0.752579            1
 0.753112            1
 0.753190            1
 0.766981            1
 0.978258            1
 1.004388            1
 1.005997            1
 1.008492            1
 1.009007            1
 1.010501            1
 1.034673            1
 1.035168            1
 1.049792            1
 1.050194            1
 1.501383            1
 1.506369            1
dtype: int64
TEST
dns.time
-9999.000000    175974
 0.000017            1
 0.000045            1
 0.000054            2
 0.000957            1
                 ...  
 2.711578            1
 2.714390            1
 2.723141            1
 2.737984            1
 3.024158            1
Length: 79, dtype: int64
##############################################################################################################


##############################################################################################################
ERROR ABOUT DD1 Dataset - Feature dns.time
TRAIN
dns.time
-9999.000000    171338
 0.702652            1
 0.702853            1
 0.703907            1
 0.704368            1
 0.704804            1
 0.705085            1
 0.705299            1
 0.705441            1
 0.705527            1
 0.705625            1
 0.710473            1
 0.738228            1
 0.741191            2
 0.749449            1
 0.749545            1
 0.750207            1
 0.750433            2
 0.750968            1
 0.752558            1
 0.753556            1
 0.753568            1
 0.753894            1
 0.753897            1
 0.757732            1
 0.758763            1
 0.766457            1
 0.772848            1
 0.772856            1
 0.778596            1
 0.930157            1
 0.950635            1
 0.951341            1
 1.610908            1
 1.705737            1
 1.708197            1
 1.710130            1
 1.710370            1
 1.710483            1
dtype: int64
TEST
dns.time
-9999.000000    299421
 0.004466            1
 0.004502            1
 0.729201            1
 0.736542            1
 0.736559            1
 0.746206            1
 0.748014            1
 0.749546            1
 0.749724            1
 0.749725            1
 0.749837            1
 0.749910            1
 0.749911            1
 0.750285            1
 0.750331            1
 0.750801            1
 0.750908            1
 0.750970            1
 0.751151            1
 0.751278            1
 0.751399            1
 0.751747            1
 0.752064            1
 0.752106            1
 0.752253            1
 0.752284            1
 0.752354            1
 0.752451            1
 0.752579            1
 0.753112            1
 0.753190            1
 0.766981            1
 0.978258            1
 1.004388            1
 1.005997            1
 1.008492            1
 1.009007            1
 1.010501            1
 1.034673            1
 1.035168            1
 1.049792            1
 1.050194            1
 1.501383            1
 1.506369            1
dtype: int64
##############################################################################################################


##############################################################################################################
ERROR ABOUT DD1T Dataset - Feature dns.time
TRAIN
dns.time
-9999.000000    299421
 0.004466            1
 0.004502            1
 0.729201            1
 0.736542            1
 0.736559            1
 0.746206            1
 0.748014            1
 0.749546            1
 0.749724            1
 0.749725            1
 0.749837            1
 0.749910            1
 0.749911            1
 0.750285            1
 0.750331            1
 0.750801            1
 0.750908            1
 0.750970            1
 0.751151            1
 0.751278            1
 0.751399            1
 0.751747            1
 0.752064            1
 0.752106            1
 0.752253            1
 0.752284            1
 0.752354            1
 0.752451            1
 0.752579            1
 0.753112            1
 0.753190            1
 0.766981            1
 0.978258            1
 1.004388            1
 1.005997            1
 1.008492            1
 1.009007            1
 1.010501            1
 1.034673            1
 1.035168            1
 1.049792            1
 1.050194            1
 1.501383            1
 1.506369            1
dtype: int64
TEST
dns.time
-9999.000000    171338
 0.702652            1
 0.702853            1
 0.703907            1
 0.704368            1
 0.704804            1
 0.705085            1
 0.705299            1
 0.705441            1
 0.705527            1
 0.705625            1
 0.710473            1
 0.738228            1
 0.741191            2
 0.749449            1
 0.749545            1
 0.750207            1
 0.750433            2
 0.750968            1
 0.752558            1
 0.753556            1
 0.753568            1
 0.753894            1
 0.753897            1
 0.757732            1
 0.758763            1
 0.766457            1
 0.772848            1
 0.772856            1
 0.778596            1
 0.930157            1
 0.950635            1
 0.951341            1
 1.610908            1
 1.705737            1
 1.708197            1
 1.710130            1
 1.710370            1
 1.710483            1
dtype: int64
##############################################################################################################


##############################################################################################################
ERROR ABOUT DD2 Dataset - Feature dns.time
TRAIN
dns.time
-9999.000000    233565
 0.727547            1
 0.729073            1
 0.747849            1
 0.748956            1
 0.749218            1
 0.749269            1
 0.749898            1
 0.750448            1
 0.750608            1
 0.750764            1
 0.751121            1
 0.751298            1
 0.751487            1
 0.752003            1
 0.753024            1
 0.754335            1
 0.758269            1
 0.760409            1
 0.762730            1
 0.775602            1
 0.782047            1
 0.796632            1
dtype: int64
TEST
dns.time
-9999.000000    175974
 0.000017            1
 0.000045            1
 0.000054            2
 0.000957            1
                 ...  
 2.711578            1
 2.714390            1
 2.723141            1
 2.737984            1
 3.024158            1
Length: 79, dtype: int64
##############################################################################################################


##############################################################################################################
ERROR ABOUT DD2T Dataset - Feature dns.time
TRAIN
dns.time
-9999.000000    175974
 0.000017            1
 0.000045            1
 0.000054            2
 0.000957            1
                 ...  
 2.711578            1
 2.714390            1
 2.723141            1
 2.737984            1
 3.024158            1
Length: 79, dtype: int64
TEST
dns.time
-9999.000000    233565
 0.727547            1
 0.729073            1
 0.747849            1
 0.748956            1
 0.749218            1
 0.749269            1
 0.749898            1
 0.750448            1
 0.750608            1
 0.750764            1
 0.751121            1
 0.751298            1
 0.751487            1
 0.752003            1
 0.753024            1
 0.754335            1
 0.758269            1
 0.760409            1
 0.762730            1
 0.775602            1
 0.782047            1
 0.796632            1
dtype: int64
##############################################################################################################


##############################################################################################################
ERROR ABOUT DD1 Dataset - Feature dns.time
TRAIN
dns.time
-9999.000000    171338
 0.702652            1
 0.702853            1
 0.703907            1
 0.704368            1
 0.704804            1
 0.705085            1
 0.705299            1
 0.705441            1
 0.705527            1
 0.705625            1
 0.710473            1
 0.738228            1
 0.741191            2
 0.749449            1
 0.749545            1
 0.750207            1
 0.750433            2
 0.750968            1
 0.752558            1
 0.753556            1
 0.753568            1
 0.753894            1
 0.753897            1
 0.757732            1
 0.758763            1
 0.766457            1
 0.772848            1
 0.772856            1
 0.778596            1
 0.930157            1
 0.950635            1
 0.951341            1
 1.610908            1
 1.705737            1
 1.708197            1
 1.710130            1
 1.710370            1
 1.710483            1
dtype: int64
TEST
dns.time
-9999.000000    299421
 0.004466            1
 0.004502            1
 0.729201            1
 0.736542            1
 0.736559            1
 0.746206            1
 0.748014            1
 0.749546            1
 0.749724            1
 0.749725            1
 0.749837            1
 0.749910            1
 0.749911            1
 0.750285            1
 0.750331            1
 0.750801            1
 0.750908            1
 0.750970            1
 0.751151            1
 0.751278            1
 0.751399            1
 0.751747            1
 0.752064            1
 0.752106            1
 0.752253            1
 0.752284            1
 0.752354            1
 0.752451            1
 0.752579            1
 0.753112            1
 0.753190            1
 0.766981            1
 0.978258            1
 1.004388            1
 1.005997            1
 1.008492            1
 1.009007            1
 1.010501            1
 1.034673            1
 1.035168            1
 1.049792            1
 1.050194            1
 1.501383            1
 1.506369            1
dtype: int64
##############################################################################################################


##############################################################################################################
ERROR ABOUT DD1T Dataset - Feature dns.time
TRAIN
dns.time
-9999.000000    299421
 0.004466            1
 0.004502            1
 0.729201            1
 0.736542            1
 0.736559            1
 0.746206            1
 0.748014            1
 0.749546            1
 0.749724            1
 0.749725            1
 0.749837            1
 0.749910            1
 0.749911            1
 0.750285            1
 0.750331            1
 0.750801            1
 0.750908            1
 0.750970            1
 0.751151            1
 0.751278            1
 0.751399            1
 0.751747            1
 0.752064            1
 0.752106            1
 0.752253            1
 0.752284            1
 0.752354            1
 0.752451            1
 0.752579            1
 0.753112            1
 0.753190            1
 0.766981            1
 0.978258            1
 1.004388            1
 1.005997            1
 1.008492            1
 1.009007            1
 1.010501            1
 1.034673            1
 1.035168            1
 1.049792            1
 1.050194            1
 1.501383            1
 1.506369            1
dtype: int64
TEST
dns.time
-9999.000000    171338
 0.702652            1
 0.702853            1
 0.703907            1
 0.704368            1
 0.704804            1
 0.705085            1
 0.705299            1
 0.705441            1
 0.705527            1
 0.705625            1
 0.710473            1
 0.738228            1
 0.741191            2
 0.749449            1
 0.749545            1
 0.750207            1
 0.750433            2
 0.750968            1
 0.752558            1
 0.753556            1
 0.753568            1
 0.753894            1
 0.753897            1
 0.757732            1
 0.758763            1
 0.766457            1
 0.772848            1
 0.772856            1
 0.778596            1
 0.930157            1
 0.950635            1
 0.951341            1
 1.610908            1
 1.705737            1
 1.708197            1
 1.710130            1
 1.710370            1
 1.710483            1
dtype: int64
##############################################################################################################


##############################################################################################################
ERROR ABOUT DD2 Dataset - Feature dns.time
TRAIN
dns.time
-9999.000000    233565
 0.727547            1
 0.729073            1
 0.747849            1
 0.748956            1
 0.749218            1
 0.749269            1
 0.749898            1
 0.750448            1
 0.750608            1
 0.750764            1
 0.751121            1
 0.751298            1
 0.751487            1
 0.752003            1
 0.753024            1
 0.754335            1
 0.758269            1
 0.760409            1
 0.762730            1
 0.775602            1
 0.782047            1
 0.796632            1
dtype: int64
TEST
dns.time
-9999.000000    175974
 0.000017            1
 0.000045            1
 0.000054            2
 0.000957            1
                 ...  
 2.711578            1
 2.714390            1
 2.723141            1
 2.737984            1
 3.024158            1
Length: 79, dtype: int64
##############################################################################################################


##############################################################################################################
ERROR ABOUT DD2T Dataset - Feature dns.time
TRAIN
dns.time
-9999.000000    175974
 0.000017            1
 0.000045            1
 0.000054            2
 0.000957            1
                 ...  
 2.711578            1
 2.714390            1
 2.723141            1
 2.737984            1
 3.024158            1
Length: 79, dtype: int64
TEST
dns.time
-9999.000000    233565
 0.727547            1
 0.729073            1
 0.747849            1
 0.748956            1
 0.749218            1
 0.749269            1
 0.749898            1
 0.750448            1
 0.750608            1
 0.750764            1
 0.751121            1
 0.751298            1
 0.751487            1
 0.752003            1
 0.753024            1
 0.754335            1
 0.758269            1
 0.760409            1
 0.762730            1
 0.775602            1
 0.782047            1
 0.796632            1
dtype: int64
##############################################################################################################


##############################################################################################################
ERROR ABOUT SD1 Dataset - Feature dns.time
TRAIN
dns.time
-9999.000000    171338
 0.702652            1
 0.702853            1
 0.703907            1
 0.704368            1
 0.704804            1
 0.705085            1
 0.705299            1
 0.705441            1
 0.705527            1
 0.705625            1
 0.710473            1
 0.738228            1
 0.741191            2
 0.749449            1
 0.749545            1
 0.750207            1
 0.750433            2
 0.750968            1
 0.752558            1
 0.753556            1
 0.753568            1
 0.753894            1
 0.753897            1
 0.757732            1
 0.758763            1
 0.766457            1
 0.772848            1
 0.772856            1
 0.778596            1
 0.930157            1
 0.950635            1
 0.951341            1
 1.610908            1
 1.705737            1
 1.708197            1
 1.710130            1
 1.710370            1
 1.710483            1
dtype: int64
TEST
dns.time
-9999.000000    233565
 0.727547            1
 0.729073            1
 0.747849            1
 0.748956            1
 0.749218            1
 0.749269            1
 0.749898            1
 0.750448            1
 0.750608            1
 0.750764            1
 0.751121            1
 0.751298            1
 0.751487            1
 0.752003            1
 0.753024            1
 0.754335            1
 0.758269            1
 0.760409            1
 0.762730            1
 0.775602            1
 0.782047            1
 0.796632            1
dtype: int64
##############################################################################################################


##############################################################################################################
ERROR ABOUT SD1T Dataset - Feature dns.time
TRAIN
dns.time
-9999.000000    233565
 0.727547            1
 0.729073            1
 0.747849            1
 0.748956            1
 0.749218            1
 0.749269            1
 0.749898            1
 0.750448            1
 0.750608            1
 0.750764            1
 0.751121            1
 0.751298            1
 0.751487            1
 0.752003            1
 0.753024            1
 0.754335            1
 0.758269            1
 0.760409            1
 0.762730            1
 0.775602            1
 0.782047            1
 0.796632            1
dtype: int64
TEST
dns.time
-9999.000000    17134
 0.705085           1
 0.753894           1
 0.757732           1
dtype: int64
##############################################################################################################


##############################################################################################################
ERROR ABOUT SD2 Dataset - Feature dns.time
TRAIN
dns.time
-9999.000000    17592
 0.000054           1
 0.001726           1
 0.494983           1
 0.703866           1
 0.705374           1
 0.747674           1
 0.761297           1
 0.950467           1
 1.000039           1
 1.002265           1
 1.709980           1
 1.713351           1
 2.723141           1
dtype: int64
TEST
dns.time
-9999.000000    84422
 0.746206           1
 0.749546           1
 0.750970           1
 0.766981           1
 1.049792           1
 1.050194           1
dtype: int64
##############################################################################################################


##############################################################################################################
ERROR ABOUT SD1 Dataset - Feature dns.time
TRAIN
dns.time
-9999.000000    17134
 0.705085           1
 0.753894           1
 0.757732           1
dtype: int64
TEST
dns.time
-9999.000000    23356
 0.749218           1
 0.782047           1
dtype: int64
##############################################################################################################


##############################################################################################################
ERROR ABOUT SD1T Dataset - Feature dns.time
TRAIN
dns.time
-9999.000000    23356
 0.749218           1
 0.782047           1
dtype: int64
TEST
dns.time
-9999.000000    17134
 0.705085           1
 0.753894           1
 0.757732           1
dtype: int64
##############################################################################################################


##############################################################################################################
ERROR ABOUT SD2 Dataset - Feature dns.time
TRAIN
dns.time
-9999.000000    17592
 0.000054           1
 0.001726           1
 0.494983           1
 0.703866           1
 0.705374           1
 0.747674           1
 0.761297           1
 0.950467           1
 1.000039           1
 1.002265           1
 1.709980           1
 1.713351           1
 2.723141           1
dtype: int64
TEST
dns.time
-9999.000000    29942
 0.749837           1
 0.750331           1
 0.978258           1
 1.034673           1
dtype: int64
##############################################################################################################


##############################################################################################################
ERROR ABOUT SD2T Dataset - Feature dns.time
TRAIN
dns.time
-9999.000000    29942
 0.749837           1
 0.750331           1
 0.978258           1
 1.034673           1
dtype: int64
TEST
dns.time
-9999.000000    17592
 0.000054           1
 0.001726           1
 0.494983           1
 0.703866           1
 0.705374           1
 0.747674           1
 0.761297           1
 0.950467           1
 1.000039           1
 1.002265           1
 1.709980           1
 1.713351           1
 2.723141           1
dtype: int64
##############################################################################################################


