##############################################################################################################
ERROR ABOUT DD2T Dataset - Feature dns.time
TRAIN
dns.time
-9999.000000    175974
 0.000017            1
 0.000045            1
 0.000054            2
 0.000957            1
                 ...  
 2.711578            1
 2.714390            1
 2.723141            1
 2.737984            1
 3.024158            1
Length: 79, dtype: int64
TEST
dns.time
-9999.000000    233565
 0.727547            1
 0.729073            1
 0.747849            1
 0.748956            1
 0.749218            1
 0.749269            1
 0.749898            1
 0.750448            1
 0.750608            1
 0.750764            1
 0.751121            1
 0.751298            1
 0.751487            1
 0.752003            1
 0.753024            1
 0.754335            1
 0.758269            1
 0.760409            1
 0.762730            1
 0.775602            1
 0.782047            1
 0.796632            1
dtype: int64
##############################################################################################################


